[36m
               2  2  2  2  2  2  2  2  2  2
            2                          2  2
         2                          2     2
      2                          2        2
   2                          2           2
2  2  2  2  2  2  2  2  2  2              2
2                          2              2
2                          2              2
2                          2              2
2                          2              2
2                          2           2
2                          2        2
2                          2     2
2                          2  2
2  2  2  2  2  2  2  2  2  2
